

--- Page 1 ---

Table supplied by ABS showing confidences in membership testing
(lists from 500-550)

Members Lodged
500
501
502
503
504
505
506
507
508
509
510
511
512
513
514
515
516
517
518
519
520
521
522
523
524
525
526
527
528
529
530
531
532
533
534
535
536
537
538
539
540
541
542
543
544
545
546
547
548
549
550

Random sample 
18
18
18
26
26
26
26
26
26
26
26
32
32
32
32
32
32
32
32
37
37
37
37
37
37
37
41
41
41
41
41
41
41
41
44
44
44
44
44
44
44
47
47
47
47
47
47
47
50
50
50

Max denials to pass
0
0
0
1
1
1
1
1
1
1
1
2
2
2
2
2
2
2
2
3
3
3
3
3
3
3
4
4
4
4
4
4
4
4
5
5
5
5
5
5
5
6
6
6
6
6
6
6
7
7
7

Updated by ABS November 2016